{"terms":["djihadisme","endoctrinement","extrémisme","fanatisme","fondamentalisme","intégrisme","islamisme","obscurantisme","radicalisation","salafisme","terrorisme","wahhabisme"],"matrix":[[659,12,68,8,25,16,56,12,41,8,178,9],[12,44,13,5,6,2,6,2,15,4,18,3],[68,13,964,28,71,31,33,10,89,8,227,7],[8,5,28,127,21,23,10,1,14,4,23,4],[25,6,71,21,752,34,26,4,33,4,77,13],[16,2,31,23,34,368,29,2,15,3,36,2],[56,6,33,10,26,29,284,4,26,6,76,6],[12,2,10,1,4,2,4,61,4,0,26,1],[41,15,89,14,33,15,26,4,417,8,94,7],[8,4,8,4,4,3,6,0,8,32,13,7],[178,18,227,23,77,36,76,26,94,13,3688,8],[9,3,7,4,13,2,6,1,7,7,8,71]],"term_counts":{"djihadisme":659,"endoctrinement":44,"extrémisme":964,"fanatisme":127,"fondamentalisme":752,"intégrisme":368,"islamisme":284,"obscurantisme":61,"radicalisation":417,"salafisme":32,"terrorisme":3688,"wahhabisme":71},"max_cooccurrence":227}