{"terms":["djihadisme","endoctrinement","extrémisme","fanatisme","fondamentalisme","intégrisme","islamisme","obscurantisme","radicalisation","salafisme","terrorisme","wahhabisme"],"matrix":[[659,5,38,0,8,20,35,5,30,5,310,6],[5,44,6,1,7,1,3,1,14,0,12,2],[38,6,964,13,34,31,34,2,244,2,373,2],[0,1,13,127,6,28,0,0,8,0,19,0],[8,7,34,6,752,41,23,1,13,1,42,1],[20,1,31,28,41,370,33,0,12,1,31,0],[35,3,34,0,23,33,284,1,37,3,93,2],[5,1,2,0,1,0,1,61,1,0,19,1],[30,14,244,8,13,12,37,1,417,11,108,7],[5,0,2,0,1,1,3,0,11,32,4,4],[310,12,373,19,42,31,93,19,108,4,3688,7],[6,2,2,0,1,0,2,1,7,4,7,71]],"term_counts":{"djihadisme":659,"endoctrinement":44,"extrémisme":964,"fanatisme":127,"fondamentalisme":752,"intégrisme":370,"islamisme":284,"obscurantisme":61,"radicalisation":417,"salafisme":32,"terrorisme":3688,"wahhabisme":71},"max_cooccurrence":373}